月 | 生产池1844 n/avg/WR/PF | G123留存 n/avg/WR/PF
202309 |     1   -3.19   0.0%   0.00 |     -
202310 |     2   +2.35  50.0%   2.30 |     2   +2.35  50.0%   2.30
202311 |     4   -2.20  25.0%   0.08 |     3   -1.80  33.3%   0.12
202312 |    20   +0.48  40.0%   1.32 |    14   +0.02  42.9%   1.02
202401 |    81   -4.72  11.1%   0.09 |    17   -3.36  17.6%   0.17
202402 |   500   +6.09  79.0%   9.11 |   356   +7.91  89.9%  27.39
202403 |   162   +6.83  86.4%  11.03 |   111   +7.52  89.2%  16.12
202404 |    38   -0.66  44.7%   0.76 |    16   -0.68  50.0%   0.70
202405 |    50   -1.74  44.0%   0.48 |    17   -0.32  58.8%   0.89
202406 |    45   -2.62  26.7%   0.24 |    10   -2.21  40.0%   0.25
202407 |     2  +19.17 100.0%  99.00 |     -
202408 |    70   -0.45  38.6%   0.84 |    25   -0.55  44.0%   0.73
202409 |    67   +5.48  74.6%   7.82 |    32   +6.82  78.1%  10.03
202410 |    50   +7.14  68.0%   8.16 |    13   +5.19  69.2%   5.78
202411 |    26   +1.29  46.2%   1.65 |     1   +6.54 100.0%  99.00
202412 |     8   -2.27  37.5%   0.73 |     1   +3.92 100.0%  99.00
202501 |    48   +6.03  85.4%  23.48 |    22   +7.20  95.5% 151.34
202502 |    44   +2.10  63.6%   2.38 |    18   +1.06  66.7%   2.55
202503 |    37   -0.49  51.4%   0.85 |    11   +1.35  81.8%   2.89
202504 |     9   +2.90  77.8%   2.51 |     1   -9.93   0.0%   0.00
202505 |    10   -1.55  40.0%   0.60 |     -
202506 |    39   +4.23  64.1%   4.15 |    14   +2.26  71.4%   2.54
202507 |    18   +4.66  77.8%   3.57 |     6   +4.20 100.0%  99.00
202508 |    35   +3.19  48.6%   1.87 |     1   +9.60 100.0%  99.00
202509 |    33   +0.50  42.4%   1.12 |     5   +2.24  40.0%   2.29
202510 |    15  +11.71  66.7%  15.57 |     4   +3.98  75.0%   4.94
202511 |    28   +1.77  53.6%   1.98 |     6   +3.56  66.7%  55.04
202512 |    11   +2.81  45.5%   1.99 |     1   +0.30 100.0%  99.00
202601 |    44   +4.21  56.8%   3.22 |    10   +1.40  70.0%   1.75
202602 |    26   +3.86  61.5%   3.91 |     9   +2.22  77.8%   5.29
202603 |    22   -1.13  36.4%   0.66 |     7   -2.05  14.3%   0.33
202604 |    18  +18.83 100.0%  99.00 |     -
202605 |    44   +6.01  59.1%   2.68 |     1   -7.20   0.0%   0.00
202606 |    58   -0.27  37.9%   0.92 |    26   +0.70  46.2%   1.33
202607 |   105   +8.86  84.8%  20.35 |    43  +10.03  88.4%  38.99
202608 |    74   +6.82  68.9%   6.63 |    47   +5.36  74.5%   5.47
---- 合计 |  1844   +4.11  64.4%   3.39 |   850   +5.70  78.6%   7.87
